/*
* Hadamard matrix with n = 16:
* - Sylvester type
* - number of matrices: N = 1
*/

had_16 := [
[[ 1,  1,  1,  1,  1,  1,  1,  1,  1,  1,  1,  1,  1,  1,  1,  1],
[ 1,  1,  1,  1,  1,  1,  1,  1, -1, -1, -1, -1, -1, -1, -1, -1],
[ 1,  1,  1,  1, -1, -1, -1, -1,  1,  1,  1,  1, -1, -1, -1, -1],
[ 1,  1,  1,  1, -1, -1, -1, -1, -1, -1, -1, -1,  1,  1,  1,  1],
[ 1,  1, -1, -1,  1,  1, -1, -1,  1,  1, -1, -1,  1,  1, -1, -1],
[ 1,  1, -1, -1,  1,  1, -1, -1, -1, -1,  1,  1, -1, -1,  1,  1],
[ 1,  1, -1, -1, -1, -1,  1,  1,  1,  1, -1, -1, -1, -1,  1,  1],
[ 1,  1, -1, -1, -1, -1,  1,  1, -1, -1,  1,  1,  1,  1, -1, -1],
[ 1, -1,  1, -1,  1, -1,  1, -1,  1, -1,  1, -1,  1, -1,  1, -1],
[ 1, -1,  1, -1,  1, -1,  1, -1, -1,  1, -1,  1, -1,  1, -1,  1],
[ 1, -1,  1, -1, -1,  1, -1,  1,  1, -1,  1, -1, -1,  1, -1,  1],
[ 1, -1,  1, -1, -1,  1, -1,  1, -1,  1, -1,  1,  1, -1,  1, -1],
[ 1, -1, -1,  1,  1, -1, -1,  1,  1, -1, -1,  1,  1, -1, -1,  1],
[ 1, -1, -1,  1,  1, -1, -1,  1, -1,  1,  1, -1, -1,  1,  1, -1],
[ 1, -1, -1,  1, -1,  1,  1, -1,  1, -1, -1,  1, -1,  1,  1, -1],
[ 1, -1, -1,  1, -1,  1,  1, -1, -1,  1,  1, -1,  1, -1, -1,  1]]
]